   0.0000000e+00
   0.0000000e+00
   0.0000000e+00
   0.0000000e+00
   0.0000000e+00
  -9.9575779e-01
  -1.7021334e+00
  -1.3899383e+00
  -2.9370992e-01
   4.6119275e-01
   4.7197802e-01
   6.7457680e-01
   1.8583686e+00
   3.1312835e+00
   2.7668884e+00
   5.4575339e-01
  -1.6807028e+00
  -2.2231097e+00
  -1.6187117e+00
  -1.5985297e+00
  -2.3612004e+00
  -2.1420605e+00
   4.1011212e-02
   2.2815035e+00
   1.6784171e+00
  -1.8206833e+00
  -4.7282344e+00
  -3.7925232e+00
   2.7310474e-01
   3.7181279e+00
   4.0867758e+00
   2.5523721e+00
   1.6972015e+00
   2.0239515e+00
   1.7017110e+00
  -5.0807755e-01
  -3.2297016e+00
  -3.9306760e+00
  -1.8843169e+00
   9.8118153e-01
   2.1481537e+00
   9.9498462e-01
  -8.3786509e-01
  -1.2419520e+00
   3.2298743e-01
   2.3756493e+00
   2.9036619e+00
   1.4893671e+00
  -4.9616941e-02
   4.8867887e-01
   3.0454656e+00
   5.0089724e+00
   4.0635833e+00
   8.8361394e-01
  -1.9554134e+00
  -3.5751038e+00
  -5.6504450e+00
  -8.5874912e+00
  -8.3622527e+00
  -1.6242678e-01
   1.3868717e+01
   2.3096526e+01
   1.7841941e+01
   5.2870477e-01
  -1.5283379e+01
  -1.8584994e+01
  -1.1934765e+01
  -6.5619896e+00
  -7.6308420e+00
  -8.3157380e+00
  -3.2210521e-01
   1.2869187e+01
   1.7895930e+01
   7.2587474e+00
  -1.0546745e+01
  -1.9546759e+01
  -1.3394905e+01
  -6.7318535e-01
   6.7757347e+00
   6.9081518e+00
   6.3492259e+00
   8.8111871e+00
   9.5599475e+00
   2.8910288e+00
  -8.2772546e+00
  -1.4052388e+01
  -8.7054306e+00
   2.6142716e+00
   9.5358169e+00
   7.2843510e+00
   4.0203577e-01
  -3.2953815e+00
  -5.2214570e-01
   5.5916612e+00
   9.3039541e+00
   6.8927642e+00
  -9.4673793e-01
  -9.2780627e+00
  -1.1745494e+01
  -5.4200357e+00
   5.8193169e+00
   1.3572620e+01
   1.2052095e+01
   3.2760060e+00
  -5.2192047e+00
  -7.5960107e+00
  -4.1014018e+00
   1.0620406e+00
   4.3698632e+00
   4.6554165e+00
   1.8230609e+00
  -3.6207433e+00
  -9.2613549e+00
  -1.0913390e+01
  -6.0310298e+00
   2.8276302e+00
   8.8513258e+00
   5.9381095e+00
  -6.5439944e+00
  -2.2516737e+01
  -3.1665010e+01
  -2.4845946e+01
  -1.1311034e+00
   2.8063709e+01
   4.4205190e+01
   3.6010063e+01
   1.0984931e+01
  -9.5583232e+00
  -1.0112777e+01
   4.2911005e+00
   1.4663145e+01
   8.9006734e+00
  -6.7442369e+00
  -1.7666743e+01
  -1.8381986e+01
  -1.5739309e+01
  -1.6184098e+01
  -1.6128343e+01
  -8.4529035e+00
   5.3632467e+00
   1.5772647e+01
   1.7821957e+01
   1.7129781e+01
   1.9599241e+01
   1.9767778e+01
   6.7693860e+00
  -1.7677959e+01
  -3.4598707e+01
  -2.6825233e+01
  -4.2689299e-03
   2.1907922e+01
   2.2788740e+01
   1.0073649e+01
   1.1789836e+00
  -5.1794206e-02
  -5.1137374e+00
  -1.9521760e+01
  -2.9602357e+01
  -1.8383913e+01
   8.8806187e+00
   2.5233631e+01
   1.2341477e+01
  -1.5499411e+01
  -2.5069810e+01
  -1.6655823e+00
   3.3302671e+01
   4.5032877e+01
   2.1896243e+01
  -1.4718815e+01
  -3.4873071e+01
  -2.8673934e+01
  -9.4297987e+00
   5.7732498e+00
   1.2444745e+01
   1.6257048e+01
   2.0344462e+01
   1.9640120e+01
   7.4548799e+00
  -1.4895477e+01
  -3.6073921e+01
  -4.2277115e+01
  -2.8083445e+01
  -1.8399740e+00
   1.9787207e+01
   2.5169115e+01
   1.7507304e+01
   1.0406808e+01
   1.2294237e+01
   1.6571192e+01
   1.0117423e+01
  -8.5426848e+00
  -2.3758017e+01
  -1.8934705e+01
   3.3919700e+00
   2.2208069e+01
   2.0146705e+01
   1.6189678e+00
  -1.4016749e+01
  -1.5000052e+01
  -8.0350877e+00
  -6.2518129e+00
  -1.1792215e+01
  -1.5111131e+01
  -9.4633784e+00
   2.7922407e-01
   5.6196702e+00
   6.6354193e+00
   1.0775529e+01
   2.0194450e+01
   2.5943576e+01
   1.8075319e+01
  -1.1429361e+00
  -1.8297235e+01
  -2.2990513e+01
  -1.7362509e+01
  -1.0250271e+01
  -5.3870538e+00
   7.2235970e-01
   1.0182982e+01
   1.7784825e+01
   1.6465658e+01
   6.6265994e+00
  -3.4654663e+00
  -6.8452910e+00
  -4.8281077e+00
  -3.5534581e+00
  -5.5201512e+00
  -7.0320750e+00
  -3.7849722e+00
   3.3850742e+00
   9.4450362e+00
   1.0494618e+01
   6.7196392e+00
   8.1131102e-01
  -4.6156275e+00
  -7.7082044e+00
  -7.3430374e+00
  -4.0860251e+00
  -7.2616332e-01
  -5.4573640e-01
  -4.2031252e+00
  -5.4631779e+00
  -2.8618097e+00
   1.0822976e+00
   3.4811536e+00
   3.6911277e+00
   2.9196075e+00
   2.1273335e+00
   1.0656749e+00
  -6.6538027e-01
  -2.3434047e+00
  -2.5309578e+00
  -7.2973859e-01
   1.7997549e+00
   3.1165459e+00
   2.3838352e+00
   4.4940531e-01
  -1.1938008e+00
  -1.7431345e+00
  -1.3866159e+00
  -6.5288974e-01
   1.4334693e-01
   8.0418975e-01
   9.7312049e-01
   3.2073413e-01
  -9.5878099e-01
  -2.0668073e+00
  -2.2157631e+00
  -1.3306032e+00
  -5.2578585e-02
   9.4699748e-01
   1.5457909e+00
   2.0187948e+00
   2.4391476e+00
   2.4358512e+00
   1.6265628e+00
   1.7554134e-01
  -1.2402737e+00
  -2.0426393e+00
  -2.2181514e+00
  -2.1143077e+00
  -1.8844030e+00
  -1.3190148e+00
  -2.6989416e-01
   9.2300309e-01
   1.6212449e+00
   1.5276278e+00
   1.0048698e+00
   6.6264043e-01
   6.8964822e-01
   7.1446205e-01
   3.2825322e-01
  -3.8721323e-01
  -9.4625937e-01
  -1.0066184e+00
  -6.9693351e-01
  -3.7894571e-01
  -2.0885385e-01
  -4.7844651e-02
   2.3366942e-01
   5.0855837e-01
   5.2631551e-01
   2.3270729e-01
  -1.3954010e-01
  -3.0842029e-01
  -2.0873815e-01
   2.8250754e-03
   1.5104231e-01
   1.9023603e-01
   1.6950917e-01
